11.5170936315
12.6475591163
12.8842291479
13.1870249514
13.2261154069
13.4949825571
13.7081805652
13.9037909021
13.9086809425
13.2519745528
13.2083996678
13.2522157192
13.2097208209
12.9514023303
13.6551229618
13.8032238114
13.510739799
12.6525297834
12.6859962758
13.0095305139
13.690008882
13.5990083901
12.6660775485
12.573191114
12.5018375317
12.5344619991
11.9657310178
12.2176167192
12.2148296932
12.4517387706
12.4703118301
12.041437161
12.2505500785
13.0704230562
12.73944829
11.5116866123
11.6804973039
12.147982146
12.1759473384
12.1920919805
11.7723991255
11.8807653759
12.6562562644
12.1768606713
13.432654568
13.1901721776
12.735035587
12.6357461574
12.4264382836
12.3903992541
12.9389709087
12.4907307575
12.9210893668
12.8877118654
12.6730521335
13.364553665
13.6472548588
12.7439252949
12.9109976935
13.4872932713
12.9071863697
13.4436554183
13.4630308174
15.0265868484
14.2786602156
14.4601494721
14.4554491531
13.3240078099
14.0045763897
13.2988113402
12.993864469
13.9885209072
13.3617330102
13.0968216232
13.1972287635
13.0444740463
13.1685263227
13.4221505992
13.3741381345
12.7622032682
12.2159415274
11.6211466006
12.1320674092
11.9073882064
12.288949424
12.2646549814
12.3939657572
13.0528938399
13.4496439467
13.5363616451
12.9119541975
13.1536714774
12.7837816794
12.849369182
12.8296344679
12.4556802995
11.848174885
12.3411994465
12.344507766
12.0397173004
12.5336192021
11.7386691907
11.9986892376
11.9058351688
11.9058351688
12.1019324162
12.3961260801
12.3961260801
12.9497551733
12.9497551733
12.1498576327
12.0791000066
11.4922792512
11.4922792512
12.3242981497
12.9468034607
12.9468034607
12.9468034607
13.1661530863
13.1661530863
13.1661530863
13.3201521937
12.6103478475
12.6103478475
12.1330289542
12.0466788274
11.667636163
11.667636163
11.667636163
11.667636163
11.667636163
11.667636163
11.667636163
11.667636163
11.6491375759
11.6491375759
11.6491375759
11.6491375759
11.3677041571
10.87632441
10.8276310708
10.8276310708
10.8276310708
10.8276310708
10.8276310708
10.8276310708
10.8276310708
10.8276310708
10.8276310708
10.8276310708
10.8276310708
10.8276310708
10.8276310708
10.8276310708
10.8276310708
10.8276310708
10.8276310708
10.6750504116
10.6750504116
10.6750504116
10.6750504116
10.6750504116
10.6750504116
10.6750504116
10.6750504116
10.6750504116
10.6750504116
10.6750504116
10.6750504116
10.6750504116
10.6750504116
10.6750504116
10.6750504116
10.6750504116
10.6750504116
10.4964457939
10.4964457939
10.4964457939
10.4964457939
10.4964457939
10.4964457939
10.4964457939
10.4964457939
10.4964457939
10.4964457939
10.4964457939
10.4964457939
10.4964457939
10.4964457939
10.4964457939
10.4964457939
10.4964457939
10.4964457939
10.4964457939
10.4964457939
10.4964457939
10.4964457939
10.4964457939
10.4964457939
10.4964457939
10.4964457939
10.3258305292
10.3258305292
10.3258305292
10.3258305292
10.3258305292
10.3258305292
10.3258305292
10.3258305292
10.3258305292
10.3258305292
10.3258305292
10.3258305292
10.3258305292
10.3258305292
10.3258305292
10.3258305292
10.3258305292
10.3258305292
10.3258305292
10.3258305292
10.272144785
10.272144785
10.272144785
10.272144785
10.272144785
10.0298714797
10.0298714797
10.0298714797
10.0298714797
10.0298714797
10.0298714797
10.0298714797
10.0298714797
10.0298714797
10.0298714797
10.0298714797
10.0298714797
10.0298714797
10.0298714797
10.0298714797
10.0298714797
10.0298714797
10.0298714797
10.0298714797
10.0298714797
10.0298714797
10.0298714797
10.0298714797
10.0298714797
10.0298714797
10.0298714797
10.0298714797
10.0298714797
10.0298714797
10.0298714797
10.0016636571
10.0016636571
10.0016636571
10.0016636571
10.0016636571
10.0016636571
9.91242780825
9.91242780825
9.91242780825
9.91242780825
9.91242780825
9.91242780825
9.91242780825
9.91242780825
9.91242780825
9.91242780825
9.91242780825
9.91242780825
9.91242780825
9.91242780825
9.91242780825
9.64155734966
9.64155734966
9.64155734966
9.64155734966
9.64155734966
9.64155734966
9.64155734966
9.64155734966
9.64155734966
9.64155734966
9.64155734966
9.64155734966
9.64155734966
9.64155734966
9.64155734966
9.64155734966
9.64155734966
9.64155734966
9.64155734966
9.64155734966
9.64155734966
9.64155734966
9.64155734966
9.64155734966
9.64155734966
9.64155734966
9.64155734966
9.64155734966
9.64155734966
9.64155734966
9.64155734966
9.64155734966
9.64155734966
9.64155734966
9.64155734966
9.64155734966
9.64155734966
9.64155734966
9.64155734966
9.64155734966
9.64155734966
9.64155734966
9.64155734966
9.64155734966
9.64155734966
9.64155734966
9.64155734966
9.64155734966
9.64155734966
9.64155734966
9.64155734966
9.64155734966
9.64155734966
9.64155734966
9.64155734966
9.64155734966
9.64155734966
9.64155734966
9.64155734966
9.64155734966
9.64155734966
9.64155734966
9.64155734966
9.64155734966
9.64155734966
9.64155734966
9.64155734966
9.64155734966
9.64155734966
9.64155734966
9.64155734966
9.64155734966
9.64155734966
9.64155734966
9.64155734966
9.64155734966
9.64155734966
9.64155734966
9.64155734966
9.64155734966
9.64155734966
9.64155734966
9.64155734966
9.64155734966
9.64155734966
9.64155734966
9.64155734966
9.57414589777
9.57414589777
9.57414589777
9.1822828168
9.1822828168
9.1822828168
9.1822828168
9.1822828168
9.1822828168
9.1822828168
9.1822828168
9.1822828168
9.1822828168
9.1822828168
9.1822828168
9.1822828168
9.1822828168
9.1822828168
9.1822828168
9.1822828168
9.1822828168
9.1822828168
9.1822828168
9.1822828168
9.1822828168
9.1822828168
9.1822828168
9.1822828168
9.1822828168
9.1822828168
9.1822828168
9.1822828168
