100 100
62 0.290062845909 0.103453158151 1.14509331763
2.13043567789
***
200 200
119 0.301716549232 0.0996958867034 1.16515433855
4.17067924131
***
300 300
178 0.308131728465 0.0797104697959 1.15678066847
5.05734770549
***
400 400
236 0.302117335299 0.0988680071922 1.15646304271
8.15220678979
***
500 500
297 0.324875381237 0.0854864185849 1.18594980141
9.78220322568
***
600 600
349 0.305350278529 0.0891682764162 1.16645883769
11.0841791707
***
700 700
416 0.31526518932 0.0791788208093 1.17433931314
12.194724127
***
800 800
470 0.312642790986 0.0843550613146 1.16191264536
14.4022684169
***
900 900
536 0.314680282479 0.0994310112819 1.15789445645
19.4189235626
***
1000 1000
599 0.311530119058 0.0744006049215 1.16545747917
16.1807915589
***
